-204
-233
1361
2994
2953
282
-2395
1389
2988
1034
1318
2699
-1120
-2360
-384
-2635
2660
2111
1206
-1864
-2314
-1304
52
1195
-286
-970
-2816
1855
850
1196
1591
-2276
836
-1826
2344
-1424
-2283
257
1488
1130
-77
-375
-2860
-807
1519
-214
1207
-1907
-2656
-566
1841
-2649
-1589
-344
1764
2295
1702
-195
974
-1885
1626
2285
1154
-1513
982
1690
-974
376
453
80
1656
-597
232
-2196
935
-2375
-826
494
-690
1064
2630
1158
49
-675
1300
385
1194
-1603
-2517
1608
-9
-2590
878
-598
184
-533
-686
137
-2222
-2312
-2029
-1906
1176
651
-2347
1463
1015
700
-1761
-2138
-2839
1073
1020
-1681
1683
-640
-1955
1411
-2665
-2976
-467
400
-1876
-1390
1190
799
-2300
1362
-1081
-158
910
-2339
782
-354
153
-1687
-2419
-470
-2344
437
-1370
-2186
-1180
1792
167
-1995
-2541
1491
1496
151
-1814
-1859
2151
-2725
1648
-1224
-803
-2435
2201
-456
-2804
1859
1496
923
-1547
2638
-908
-2645
-2925
1220
-670
-1910
321
1361
2400
2464
-2624
2891
-2135
2031
1343
868
-443
-835
-1460
-720
1811
-1749
-42
-2380
-2331
-279
1622
-933
-1388
835
2799
-1955
-291
-2119
1047
-2836
830
944
1200
2916
-2166
121
417
-2244
1041
590
-38
2496
460
1253
2296
-1916
-171
40
-1395
1863
-2528
2563
-2173
-1967
-2100
-1322
-1118
2637
-2676
2817
2881
-1074
1037
169
-524
-2791
-207
2744
-2964
-569
-2911
-1064
372
-2551
1736
-225
-2498
159
346
630
-720
-2313
-1127
-908
-2305
2898
-1542
-1122
1410
1646
2331
1618
1270
27
-899
851
-1126
-523
276
622
1000
1042
-205
-2644
2438
-164
464
2928
2718
-2361
682
1695
-1810
-1489
734
-2064
2771
-2372
1446
1990
1959
-1833
484
406
-1491
-1162
-453
-229
2531
2202
2000
2983
-406
2897
903
1377
-1044
2158
734
-91
1619
-1610
2063
2450
-2530
-2875
-1081
-1518
977
1983
2839
763
-946
284
2260
1395
1835
-1713
-809
-2583
2732
-262
-249
-2551
-627
-1766
-2718
-1152
-2906
-1426
82
1474
-1884
-2977
-917
-1063
-2322
371
-2094
-2525
2790
319
2267
-2129
571
2899
923
-1461
570
203
-678
1062
-1943
-2565
575
2372
-2234
-1157
-766
1165
-156
-1560
-484
-2557
800
-1700
-1977
1484
1531
-199
-805
2853
-1476
-1291
-2217
1266
-2973
-1407
-1725
-2625
2498
94
987
-2052
1547
1566
738
2603
1725
2452
-2221
-239
86
-1401
-2589
-1462
-108
1988
1595
1508
-989
1208
-2270
1433
-702
-2428
1570
2857
-2740
-1194
-2422
2095
221
81
1139
-1179
-2624
-193
-1943
2470
-1756
348
1243
603
-808
2046
1000
1268
1339
946
1473
-2479
-2073
1855
-1843
-1565
2382
1322
2655
-2774
2838
-426
548
2556
-407
0
2728
-26
1352
1918
2026
1201
-574
1527
-1777
-2386
-896
2981
1604
-585
-119
-2461
-278
-1123
2920
2436
-1921
2518
1733
2566
863
1740
-1101
-2013
-886
-1197
2108
-132
-183
-2278
-899
-1901
-1069
-2891
2604
-1970
-1998
1546
