-204
-233
1361
2994
2953
282
-2395
1389
2988
1034
1318
2699
-1120
-2360
-384
-2635
2660
2111
1206
-1864
-2314
-1304
52
1195
-286
-970
-2816
1855
850
1196
1591
-2276
836
-1826
2344
-1424
-2283
257
1488
1130
-77
-375
-2860
-807
1519
-214
1207
-1907
-2656
-566
1841
-2649
-1589
-344
1764
2295
1702
-195
974
-1885
1626
2285
1154
-1513
982
1690
-974
376
453
80
1656
-597
232
-2196
935
-2375
-826
494
-690
1064
2630
1158
49
-675
1300
385
1194
-1603
-2517
1608
-9
-2590
878
-598
184
-533
-686
137
-2222
1000
