-204
-233
1361
2994
2953
282
-2395
1389
2988
1034
1318
2699
-1120
-2360
-384
-2635
2660
2111
1206
-1864
-2314
-1304
52
1195
-286
-970
-2816
1855
850
1196
1591
-2276
836
-1826
2344
-1424
-2283
257
1488
1130
-77
-375
-2860
-807
1519
-214
1207
-1907
-2656
-566
1841
-2649
-1589
-344
1764
2295
1702
-195
974
-1885
1626
2285
1154
-1513
982
1690
-974
376
453
80
1656
-597
232
-2196
935
-2375
-826
494
-690
1064
2630
1158
49
-675
1300
385
1194
-1603
-2517
1608
-9
-2590
878
-598
184
-533
-686
137
-2222
-2312
-2029
-1906
1176
651
-2347
1463
1015
700
-1761
-2138
-2839
1073
1020
-1681
1683
-640
-1955
1411
-2665
-2976
-467
400
-1876
-1390
1190
799
-2300
1362
-1081
-158
910
-2339
782
-354
153
-1687
-2419
-470
-2344
437
-1370
-2186
-1180
1792
167
-1995
-2541
1491
1496
151
-1814
-1859
2151
-2725
1648
-1224
-803
-2435
2201
-456
-2804
1859
1496
923
-1547
2638
-908
-2645
-2925
1220
-670
-1910
321
1361
2400
2464
-2624
2891
-2135
2031
1343
868
-443
-835
-1460
-720
1811
-1749
-42
-2380
-2331
-279
1622
-933
-1388
835
2799
-1955
-291
-2119
1047
-2836
830
944
1200
2916
-2166
121
417
-2244
1041
590
-38
2496
460
1253
2296
-1916
-171
40
-1395
1863
-2528
2563
-2173
-1967
-2100
-1322
-1118
2637
-2676
2817
2881
-1074
1037
169
-524
-2791
-207
2744
-2964
-569
-2911
-1064
372
-2551
1736
-225
-2498
159
346
630
-720
-2313
-1127
-908
-2305
2898
-1542
-1122
1410
1646
2331
1618
1270
27
-899
851
-1126
-523
276
622
1000
1042
-205
-2644
2438
-164
464
2928
2718
-2361
682
1695
-1810
-1489
734
-2064
2771
-2372
1446
1990
1959
-1833
484
406
-1491
-1162
-453
-229
2531
2202
2000
2983
-406
2897
903
1377
-1044
2158
734
-91
1619
-1610
2063
2450
-2530
-2875
-1081
-1518
977
1983
2839
763
-946
284
2260
1395
1835
-1713
-809
-2583
2732
-262
-249
-2551
-627
-1766
-2718
-1152
-2906
-1426
82
1474
-1884
-2977
-917
-1063
-2322
371
-2094
-2525
2790
319
2267
-2129
571
2899
923
-1461
570
203
-678
1062
-1943
-2565
575
2372
-2234
-1157
-766
1165
-156
-1560
-484
-2557
800
-1700
-1977
1484
1531
-199
-805
2853
-1476
-1291
-2217
1266
-2973
-1407
-1725
-2625
2498
94
987
-2052
1547
1566
738
2603
1725
2452
-2221
-239
86
-1401
-2589
-1462
-108
1988
1595
1508
-989
1208
-2270
1433
-702
-2428
1570
2857
-2740
-1194
-2422
2095
221
81
1139
-1179
-2624
-193
-1943
2470
-1756
348
1243
603
-808
2046
1000
1268
1339
946
1473
-2479
-2073
1855
-1843
-1565
2382
1322
2655
-2774
2838
-426
548
2556
-407
0
2728
-26
1352
1918
2026
1201
-574
1527
-1777
-2386
-896
2981
1604
-585
-119
-2461
-278
-1123
2920
2436
-1921
2518
1733
2566
863
1740
-1101
-2013
-886
-1197
2108
-132
-183
-2278
-899
-1901
-1069
-2891
2604
-1970
-1998
1546
2977
727
1851
-1078
-1763
1882
1472
-2907
2639
-27
-2272
2085
1237
-1211
-2668
-1875
557
2350
-2406
-60
-2778
-1915
-405
1857
-89
1314
1649
2463
1439
-973
2265
342
-342
-1867
-2350
939
-427
2866
-322
2678
2658
1690
87
205
-2486
-1892
324
-2825
2599
1544
-2257
-1392
1655
-2107
300
703
-395
-1021
860
2840
1038
1167
-1398
-1536
1164
-2887
-2596
1405
2132
-2499
2577
2500
-2743
-1523
-1841
60
1941
-1049
2321
-1961
2189
-1702
147
2903
-2326
89
162
-941
-663
2109
2230
109
-2991
-2403
-652
806
270
270
-2021
2181
-1560
-198
1813
1710
1533
1291
-1397
-1207
-2557
1875
1440
-1446
-509
162
2124
-1244
1096
1624
877
2451
-2042
-1517
2647
1960
235
1842
-1764
-332
-2780
2091
947
-2756
441
214
-261
-2163
41
288
2200
2564
755
-475
2981
1614
580
-1010
1070
2269
-2337
-1980
429
-345
-1398
-2880
-2933
994
-1041
-451
617
2149
1435
1975
912
-1087
2315
179
-241
-1718
-1298
-2424
461
-254
1391
-2324
972
524
2380
-2448
376
1411
-1765
-2074
1400
1945
594
833
-1169
1663
-2556
-2307
-286
2727
-61
1937
2202
1455
-701
-98
-2408
-1724
-2370
-81
-2527
-82
898
-1815
406
-2658
-1016
-635
-2535
-754
-2636
174
-1271
-2383
2992
-2442
1515
2530
2982
94
-131
-379
1221
1241
454
-2876
2488
-982
998
129
-1983
2308
-2234
2470
571
271
899
-1824
2233
969
1647
1053
-282
-2499
1575
2643
-1097
-674
-758
-2511
-2240
-695
-902
-525
-808
-1567
1277
-1112
-2841
-1806
2600
-1558
2082
1517
519
-2815
2378
-252
-1408
-1077
-2640
-1611
2809
1090
2748
-2426
915
-2523
-1439
333
2189
-754
-160
562
-1107
2682
716
-2254
631
496
2553
1161
704
-2610
1361
1201
-433
-2721
-1339
-1340
287
281
2260
1471
-1335
2062
232
-295
-685
1
2216
-636
1566
-1785
-1789
446
-366
2245
-136
1949
1538
2283
895
2201
-1796
-389
-433
-2461
1428
126
-289
-2664
2176
2289
1285
-1517
2852
642
-2517
2400
-2206
-327
1723
2285
-2096
1104
-801
-750
1292
1457
1928
679
572
418
308
-174
-2835
-1515
-2872
-1415
-501
1018
-508
-2382
-2541
2226
-1774
-586
1757
-1537
2847
1063
387
-1476
1121
-1263
1729
1274
215
-223
-2855
-264
-2233
451
-1922
-1654
-1577
-2442
1639
258
-554
-2081
2998
58
2266
1466
1652
-2995
-1433
2415
-1893
-928
-549
-2090
-1902
-2260
1762
517
-2778
-455
936
-1292
-1665
2232
-967
-1072
2853
-2439
-100
984
648
91
-2035
1593
346
2348
-2916
305
-2110
-2534
453
2303
-1255
1306
2490
-53
1006
-1107
-1808
-1520
1233
1906
2761
-2045
2771
-158
2036
-1870
-1975
212
-2345
-1577
1172
-1835
1192
25
-1399
-2308
-1946
313
-1523
-1961
850
1850
2999
327
1848
-399
-649
-2912
2357
-2549
-1350
1923
-1582
2126
-1728
-2329
1468
-974
1421
1843
-559
581
-614
-171
2396
-420
-2218
-2129
1793
-1243
-1549
-1103
350
2490
2702
-395
