-204
-233
1361
2994
2953
282
-2395
1389
2988
1034
1318
2699
-1120
-2360
-384
-2635
2660
2111
1206
-1864
-2314
-1304
52
1195
-286
-970
-2816
1855
850
1196
1591
-2276
836
-1826
2344
-1424
-2283
257
1488
1130
-77
-375
-2860
-807
1519
-214
1207
-1907
-2656
-566
1841
-2649
-1589
-344
1764
2295
1702
-195
974
-1885
1626
2285
1154
-1513
982
1690
-974
376
453
80
1656
-597
232
-2196
935
-2375
-826
494
-690
1064
2630
1158
49
-675
1300
385
1194
-1603
-2517
1608
-9
-2590
878
-598
184
-533
-686
137
-2222
-2312
-2029
-1906
1176
651
-2347
1463
1015
700
-1761
-2138
-2839
1073
1020
-1681
1683
-640
-1955
1411
-2665
-2976
-467
400
-1876
-1390
1190
799
-2300
1362
-1081
-158
910
-2339
782
-354
153
-1687
-2419
-470
-2344
437
-1370
-2186
-1180
1792
167
-1995
-2541
1491
1496
151
-1814
-1859
2151
-2725
1648
-1224
-803
-2435
2201
-456
-2804
1859
1496
923
-1547
2638
-908
-2645
-2925
1220
-670
-1910
321
1361
2400
2464
-2624
2891
-2135
2031
1343
868
-443
-835
-1460
-720
1811
-1749
-42
-2380
-2331
-279
1622
-933
-1388
835
2799
-1955
-291
-2119
1047
-2836
830
944
1200
2916
-2166
121
417
-2244
1041
590
-38
2496
460
1253
2296
-1916
-171
40
-1395
1863
-2528
2563
-2173
-1967
-2100
-1322
-1118
2637
-2676
2817
2881
-1074
1037
169
-524
-2791
-207
2744
-2964
-569
-2911
-1064
372
-2551
1736
-225
-2498
159
346
630
-720
-2313
-1127
-908
-2305
2898
-1542
-1122
1410
1646
2331
1618
1270
27
-899
851
-1126
-523
276
622
1000
1042
-205
-2644
2438
-164
464
2928
2718
-2361
682
1695
-1810
-1489
734
-2064
2771
-2372
1446
1990
1959
-1833
484
406
-1491
-1162
-453
-229
2531
2202
2000
2983
-406
2897
903
1377
-1044
2158
734
-91
1619
-1610
2063
2450
-2530
-2875
-1081
-1518
977
1983
2839
763
-946
284
2260
1395
1835
-1713
-809
-2583
2732
-262
-249
-2551
-627
-1766
-2718
-1152
-2906
-1426
82
1474
-1884
-2977
-917
-1063
-2322
371
-2094
-2525
2790
319
2267
-2129
571
2899
923
-1461
570
203
-678
1062
-1943
-2565
575
2372
-2234
-1157
-766
1165
-156
-1560
-484
-2557
800
-1700
-1977
1484
1531
-199
-805
2853
-1476
-1291
-2217
1266
-2973
-1407
-1725
-2625
2498
94
987
-2052
1547
1566
738
2603
1725
2452
-2221
-239
86
-1401
-2589
-1462
-108
1988
1595
1508
-989
1208
-2270
1433
-702
-2428
1570
2857
-2740
-1194
-2422
2095
221
81
1139
-1179
-2624
-193
-1943
2470
-1756
348
1243
603
-808
2046
1000
1268
1339
946
1473
-2479
-2073
1855
-1843
-1565
2382
1322
2655
-2774
2838
-426
548
2556
-407
0
2728
-26
1352
1918
2026
1201
-574
1527
-1777
-2386
-896
2981
1604
-585
-119
-2461
-278
-1123
2920
2436
-1921
2518
1733
2566
863
1740
-1101
-2013
-886
-1197
2108
-132
-183
-2278
-899
-1901
-1069
-2891
2604
-1970
-1998
1546
2977
727
1851
-1078
-1763
1882
1472
-2907
2639
-27
-2272
2085
1237
-1211
-2668
-1875
557
2350
-2406
-60
-2778
-1915
-405
1857
-89
1314
1649
2463
1439
-973
2265
342
-342
-1867
-2350
939
-427
2866
-322
2678
2658
1690
87
205
-2486
-1892
324
-2825
2599
1544
-2257
-1392
1655
-2107
300
703
-395
-1021
860
2840
1038
1167
-1398
-1536
1164
-2887
-2596
1405
2132
-2499
2577
2500
-2743
-1523
-1841
60
1941
-1049
2321
-1961
2189
-1702
147
2903
-2326
89
162
-941
-663
2109
2230
109
-2991
-2403
-652
806
270
270
-2021
2181
-1560
-198
1813
1710
1533
1291
-1397
-1207
-2557
1875
1440
-1446
-509
162
2124
-1244
1096
1624
877
2451
-2042
-1517
2647
1960
235
1842
-1764
-332
-2780
2091
947
-2756
441
214
-261
-2163
41
288
2200
2564
755
-475
2981
1614
580
-1010
1070
2269
-2337
-1980
429
-345
-1398
-2880
-2933
994
-1041
-451
617
2149
1435
1975
912
-1087
2315
179
-241
-1718
-1298
-2424
461
-254
1391
-2324
972
524
2380
-2448
376
1411
-1765
-2074
1400
1945
594
833
-1169
1663
-2556
-2307
-286
2727
-61
1937
2202
1455
-701
-98
-2408
-1724
-2370
-81
-2527
-82
898
-1815
406
-2658
-1016
-635
-2535
-754
-2636
174
-1271
-2383
2992
-2442
1515
2530
2982
94
-131
-379
1221
1241
454
-2876
2488
-982
998
129
-1983
2308
-2234
2470
571
271
899
-1824
2233
969
1647
1053
-282
-2499
1575
2643
-1097
-674
-758
-2511
-2240
-695
-902
-525
-808
-1567
1277
-1112
-2841
-1806
2600
-1558
2082
1517
519
-2815
2378
-252
-1408
-1077
-2640
-1611
2809
1090
2748
-2426
915
-2523
-1439
333
2189
-754
-160
562
-1107
2682
716
-2254
631
496
2553
1161
704
-2610
1361
1201
-433
-2721
-1339
-1340
287
281
2260
1471
-1335
2062
232
-295
-685
1
2216
-636
1566
-1785
-1789
446
-366
2245
-136
1949
1538
2283
895
2201
-1796
-389
-433
-2461
1428
126
-289
-2664
2176
2289
1285
-1517
2852
642
-2517
2400
-2206
-327
1723
2285
-2096
1104
-801
-750
1292
1457
1928
679
572
418
308
-174
-2835
-1515
-2872
-1415
-501
1018
-508
-2382
-2541
2226
-1774
-586
1757
-1537
2847
1063
387
-1476
1121
-1263
1729
1274
215
-223
-2855
-264
-2233
451
-1922
-1654
-1577
-2442
1639
258
-554
-2081
2998
58
2266
1466
1652
-2995
-1433
2415
-1893
-928
-549
-2090
-1902
-2260
1762
517
-2778
-455
936
-1292
-1665
2232
-967
-1072
2853
-2439
-100
984
648
91
-2035
1593
346
2348
-2916
305
-2110
-2534
453
2303
-1255
1306
2490
-53
1006
-1107
-1808
-1520
1233
1906
2761
-2045
2771
-158
2036
-1870
-1975
212
-2345
-1577
1172
-1835
1192
25
-1399
-2308
-1946
313
-1523
-1961
850
1850
2999
327
1848
-399
-649
-2912
2357
-2549
-1350
1923
-1582
2126
-1728
-2329
1468
-974
1421
1843
-559
581
-614
-171
2396
-420
-2218
-2129
1793
-1243
-1549
-1103
350
2490
2702
-395
-677
515
2191
216
-578
-2932
2460
-1114
-2050
450
922
2678
-634
427
-503
-549
-2170
-1987
-415
800
2456
2261
1797
-2854
-1910
-1303
2339
1708
-2375
-119
-143
-2373
89
1153
1704
-938
1672
-903
1273
-2572
-2698
-1302
-1657
186
-2262
-2971
-2272
1758
-2029
1149
-1462
-334
-1371
-1339
-1357
-1160
2802
2805
165
-2689
2470
1565
-2326
1763
1824
863
-2592
1342
1681
1785
-2013
1422
2166
-574
-2370
1497
1740
-1840
-2041
271
147
943
-603
-2508
-1210
-55
2758
1991
-1835
-1267
2080
1534
-2886
-16
1314
2344
-2574
-2762
2419
2250
234
-61
370
1388
2025
-2233
-2206
307
-149
-1374
1950
-1916
2516
565
880
-2503
-2289
-1335
-686
-989
1079
693
-2944
-2940
-1135
-2386
-1228
611
2333
-643
-1547
59
127
-2766
1312
1274
2137
-2491
2369
1413
781
1450
-1162
-630
-1911
1914
-1284
2177
-790
1004
1026
1723
-645
-2851
-360
-2204
-1246
1116
-821
-2329
418
1882
-182
-2664
2210
766
-211
-2636
-2629
-2361
-2468
-2133
-242
2335
1679
-466
-1194
-2257
350
2510
-64
-459
-2126
1920
201
-1202
-2209
-84
-564
1629
-2193
-1586
-1632
2327
1513
-1876
-153
771
2783
-864
-1649
-830
1576
2787
1135
-231
711
1746
-847
686
-1906
1776
1116
-1474
-2427
2598
-2742
2139
2288
1054
2311
2446
-1670
-540
2382
114
2334
1840
-2520
2691
2067
1531
996
-2840
30
238
469
1954
2174
173
1548
1622
1068
-420
2229
-2151
2163
1720
-2263
-1340
-170
2413
-1209
-2404
-2415
1537
-745
2919
2753
1647
-692
2298
-2067
-2720
-2314
-1326
2647
2882
-658
241
-2344
-1887
-1573
-264
-1648
-2044
2847
-1680
124
-2792
-2242
95
-658
431
-266
-1478
-2058
-1090
-407
-1449
2504
-1399
-952
-721
-2036
-1452
952
-557
-2690
1741
-2154
522
2811
-353
-571
1588
-2423
688
2171
-2655
-2274
-813
-2460
1448
-2242
-2230
2299
-2923
-1809
-1017
1704
-301
867
2510
-2368
-1422
2252
1007
-2854
1902
2384
-2067
-1112
727
-344
1154
-2753
-365
-1482
509
411
1676
-817
-872
-2351
-1237
-3
2336
659
2713
-747
1213
2001
319
2153
1835
1524
2796
-547
2954
453
-365
-2079
46
2042
2609
2185
-1876
2554
1948
-16
1112
2438
2538
2990
-139
2100
1503
1759
-170
2039
-643
-2176
69
724
-2826
190
-1316
-1437
1472
-751
1856
292
2848
269
-582
-1504
-2379
-715
2392
-2612
-2415
658
429
510
-2577
-2202
1938
-147
713
-975
1696
1443
-324
-2573
1182
624
1134
-591
1237
-796
-2028
922
2501
-704
2604
-1611
-2148
1434
1178
-2936
-2242
1244
-2340
-2014
-1870
823
2194
2339
326
348
-2676
-1665
-159
-2804
-1206
1136
1719
-1458
1882
-1153
-2106
-676
1209
2542
822
1002
-1866
-34
-1716
797
-297
-2571
2359
-770
2094
-66
2147
682
1141
1571
-2852
2407
-1183
-2974
-2834
973
1538
-1671
2245
-2137
-637
43
-2603
-2223
2068
762
446
866
-354
2868
1362
-2885
1647
-2036
2500
2967
2933
2016
-2537
2697
1624
695
-1725
-2986
538
-504
-687
-2992
-621
-943
-229
-762
-1204
2467
-723
-1722
-2987
2741
2586
1595
598
-1383
2293
-207
-1593
361
-706
-756
-392
1180
2368
1174
-382
1220
-2797
-1930
1998
-1462
-262
1274
820
-2712
2506
-236
526
1493
356
-1380
897
-2296
-372
-1677
-2549
-1005
4
-1261
133
1628
1123
-800
2171
2057
2365
-1100
1641
-884
2036
-1033
-1777
-872
-1497
1050
683
-285
-1475
1495
2002
-95
-1653
138
-2155
-1733
-282
2659
310
2338
2019
-1740
134
2898
-1407
1787
-1447
2065
-2340
-1754
-2251
-1620
-1053
1365
-866
-860
-307
271
197
-1268
1969
-1032
1642
1984
-1639
-1923
1785
-2096
-2697
-2614
-2120
2193
1542
-1520
38
-337
-1478
-2643
2220
-478
-1217
2622
1288
-1024
2580
-1231
-268
2911
1235
2228
2787
432
1029
-2303
-2970
-434
1206
2240
-1930
-1288
77
-2663
2534
-2137
-978
2857
-1351
-1155
1708
-2129
561
-49
1516
1952
-37
667
-1812
2448
2765
-303
-2280
-1282
-2777
-253
2116
-1889
103
2093
-1611
-2129
-2546
379
-2960
-1252
282
1373
-1567
602
1361
2750
-420
2347
2277
-848
-2769
-144
-1744
154
-1361
841
-1739
-1156
-601
2460
-2177
2791
-2101
2769
1885
963
-2918
886
2348
787
1231
-487
-2818
2781
-1984
1760
874
-2756
2568
1892
2753
-2529
294
1587
2080
535
-679
-318
-2255
1890
2316
-1334
2885
2657
516
-804
-526
2567
-511
-2913
1937
-2850
-1732
611
1423
-2441
-52
1861
-1901
-1077
1868
987
323
2097
1354
1933
867
-1069
-2462
324
1824
1935
-2792
-471
1849
1462
-2123
1223
930
-1289
830
369
948
-2881
1167
-2948
631
-1125
-1159
2049
1331
-1938
-1363
-2287
-1716
-2357
2389
1876
-2665
-2628
1051
455
2012
1948
2863
629
-1166
1880
1234
-1868
-815
-129
1494
-2811
1885
126
-1435
-167
2754
-29
1177
-2469
816
-2252
689
-370
1048
-75
137
970
-1584
435
-1141
-1754
905
1033
-2691
313
-1270
-2649
2713
2104
360
-1273
-92
-56
-834
1882
-2186
-2428
-1970
-2233
-1385
1625
1827
-2698
-1084
-676
1115
-2363
1720
332
-2820
-1586
-972
-272
-141
-2427
2478
-811
-2215
-1851
-1344
2737
17
-2336
2107
530
-698
-1643
2262
-1440
-2359
1944
1656
-2348
-1748
2717
2863
1771
2993
1245
-681
-906
-652
74
389
-1903
-1453
-1281
-1982
896
2194
1586
1507
-1753
2026
462
465
522
-2925
-1590
1684
1516
-195
2215
-85
187
-2005
1624
-1548
1197
-1403
-2800
495
-1645
-750
2540
2530
1965
-1343
45
-888
2955
-764
-1564
2652
2656
2638
2210
133
2846
2113
-2582
-1232
688
-45
-1638
-1660
-1297
-1446
-1313
-248
-114
1650
2598
126
633
-195
1665
-1704
-1512
2897
-1815
-2397
1270
-936
-287
-1577
204
1474
-1850
-1058
-2000
579
1275
1681
1889
368
2112
-1791
-2515
-1138
722
1410
-1250
1374
-2442
2010
2881
1036
2269
2513
152
-1316
-31
1530
2724
2371
-2325
1070
-1403
277
-2325
-304
891
196
2339
-1211
