-9974
4137
-13343
-2230
5011
19651
-14062
6380
-4474
-5424
-17923
-1919
-533
15912
1417
12949
-9460
10208
19396
6028
-17241
-12534
-13614
15800
-13333
7500
13329
-1688
-12803
-805
5813
-4501
19815
6317
-11262
2025
-8602
15932
10365
-10626
-13373
-17067
-6715
-6847
-16107
6493
12191
16054
-560
2478
8090
-1016
12818
7424
13635
-17706
-2200
-14174
-7480
-13425
5031
-10653
-11879
-4096
-9306
-5359
-10824
17310
-13106
-16102
17924
-9309
4447
8727
-7418
14691
-2642
2029
-13746
-17955
10145
16786
-12348
2984
215
18880
-7922
-16997
-8378
-11515
-19879
3443
-15399
-13173
-16494
4168
-11270
19094
-7816
-8013
-18482
11360
12438
-8305
1168
1312
14708
-12060
226
-1497
8547
-15577
18066
5154
19175
-7362
-9019
-10712
11963
19241
16924
-11919
-921
6945
7980
16923
12246
-15059
16847
10549
-7818
-5766
-14190
-179
-12560
10233
-12458
-11924
9609
2884
-3325
10564
30
-13360
4572
18488
-2445
17280
2093
3683
5728
-10955
-18498
-14512
7771
-16187
-13656
-6278
-14016
8132
7485
-12227
18501
15394
14215
11334
-13728
-13635
-15222
-7716
-19772
2520
-8506
-7514
11875
-14870
8932
3879
4484
-18872
-11260
-14494
-9603
-2772
2405
3736
-15207
-9193
-15172
-16724
17984
-7707
7580
4553
18491
-19724
17283
-17933
-1434
-6332
-9779
3240
-14331
18054
-3373
-359
-7212
-15828
-12404
15906
18437
2937
-8604
18133
7452
-1941
15033
19347
-7832
-11122
-19428
12430
-12506
18657
-12146
-98
-9991
-13881
-12393
17703
-7259
-6841
14801
-9758
7757
-5666
17143
-15069
-7685
12243
17226
-16015
2803
17305
9361
11703
6959
-5690
-13865
-15586
577
-12781
-7173
4247
16868
-6606
-4502
4257
5114
17895
-3933
11538
-5142
-18160
9972
7452
-3051
-5734
19262
-1703
-12230
-6333
-2391
15701
1442
-17647
4986
-13338
2789
-3546
-9572
14793
-9826
-8034
18303
1761
-441
4559
12497
-12299
10486
-16749
-18965
15768
6190
-9676
10243
-7997
12082
8593
-6808
13007
4024
-3090
-12836
-18920
3103
-816
10915
-1470
-12846
-5490
-3208
18217
-11220
-15500
-10865
-19115
-5893
-3175
-13149
-14391
16750
5939
18488
7434
16771
4984
-4775
3778
-6267
-8921
-668
-18060
8033
9254
-13745
14010
-1592
19500
10281
-12358
10741
-11055
-4232
-16888
10823
-12977
18865
-713
13498
8659
16239
12083
-16752
8988
-9537
-507
12264
1601
18616
-12087
-16238
-10213
-4269
100
-2510
10507
-7393
-1960
-6872
5189
2950
11582
14806
-1852
-13393
-13289
-12995
8255
4253
3510
14924
4332
3002
-10580
8007
-15337
-13047
10684
-17936
19625
-2788
5377
5673
-95
-17228
-13352
8563
-19407
-8419
538
-8122
-394
5180
6316
4409
19868
-5140
9509
5127
10353
18864
7908
-903
-298
-18564
6851
-16051
-15685
15953
10879
8025
12304
16958
-13167
17743
15303
12138
3110
11350
-16745
9693
4167
-17838
257
-514
-1578
-4350
4902
-18217
-15346
-11800
-6171
-8704
13994
5421
1471
-17021
9402
-11965
-19327
13640
17773
18069
11853
-18893
-18806
11504
-820
-16823
4873
8294
-7298
7667
3259
9671
-15438
3430
-19818
943
18374
-4660
8664
3745
8890
4467
-16099
16720
-7999
18589
1806
18903
-6247
-7330
9504
4956
-19358
15870
-3497
5963
-3302
16575
4270
-13248
12028
3826
-19935
7580
-10624
5871
10854
14375
8981
17495
-13616
-7970
15552
3155
16831
18847
-11613
5173
3218
12717
-18308
15872
-11128
-6304
17465
753
-19316
-17499
-1655
6606
5238
-10682
-2356
17982
-6429
15553
13802
2802
-15950
-3908
19402
-3266
-14069
1934
-10899
-13356
-12016
13260
-18093
-2759
13652
-16340
17767
6943
15943
-1771
14479
10099
-11184
1067
5158
-16639
-18790
-15295
-18068
-7678
-3060
-10428
-17752
5810
-41
-13730
12906
15845
-9162
19372
-14969
5602
-12879
-17175
9422
-3886
-11880
2767
10850
11542
-5931
14625
2283
-3972
1494
17120
11687
-9080
10248
-974
14983
-6826
15399
19954
-7097
-13730
5410
-18755
3538
-17718
-7245
5953
-18046
-17883
-16295
-16064
-2984
11559
536
3689
8813
2803
-5007
14916
14938
17752
386
-14495
3866
-3710
4855
-17972
14746
-14842
-10182
-3162
-16742
-4250
-19775
-18770
-18970
-3162
-19462
-11549
-10269
-5374
-8994
18228
-439
5326
10118
12805
16859
-2593
-9202
-11046
3461
3383
-7200
-2514
2941
834
9929
13376
-16014
1181
7481
-4281
17021
3605
-7375
-10451
-5757
15609
-1950
-1321
-10005
13892
-14223
-15453
-12901
-14315
-13656
15684
19514
-8393
-5753
-13092
916
-1451
19959
-8995
614
18847
-2939
-6859
-18797
8738
-2470
-9056
-5534
-7625
13695
-1985
-6948
1669
13775
15323
16998
-7842
-1768
-5963
11784
-15602
18485
11261
-16150
-8336
-19424
1719
1984
14523
-11430
-11018
-11122
-18359
4116
166
-6878
-11827
1397
-12039
-10274
1997
-14697
-12988
995
11254
459
18457
-13873
13800
19449
5402
-320
-1795
4224
4693
-18696
-8282
15619
-12933
4354
4510
-4710
-4629
7224
19580
295
1699
-15095
-7249
-13626
-17785
-12902
6220
7370
-11686
-7093
583
-13629
-16861
-19129
-18010
-420
-6744
-10348
-1091
-1909
14396
11524
938
13331
-6221
12641
5405
8348
8349
10622
11479
8126
19101
-3362
2411
-2563
1703
-11725
7770
9529
-2590
6028
14409
-8525
19566
-11374
-6792
19346
5334
1440
-15854
-13989
-6511
2675
-1280
12668
-19404
-7244
-6484
17463
8622
-18407
11923
-11919
7095
5035
13048
-16318
-12051
9027
12173
-15782
-13430
-1402
-16497
-18673
-10242
-9402
-11752
-3177
-4019
-3504
10642
-9921
-16316
9285
-10407
-15078
-438
7467
10882
-10726
-9921
4696
17677
11242
1534
13271
-10288
-11023
-8428
-11085
1870
8358
16657
19711
-721
-14581
-12589
-6235
12453
-4565
-758
-2660
-18700
224
-12164
-75
-14275
19473
-2253
7363
8010
-4242
-498
-3748
2477
-11193
-5278
-10907
10299
-8866
13297
-11961
-8988
-7587
-13705
8339
6897
-14115
-16438
-9286
3081
9109
-6922
-14226
-1804
11682
-18700
-9597
-13353
12840
13408
3478
-13308
-17337
14135
-3008
4779
-8108
-2384
-6823
-5704
-18826
7182
14978
10599
-8471
-16732
5551
9951
-19008
-10964
128
5866
-11757
-14156
-16062
7723
1931
9594
254
-1246
-9704
11122
-9829
10788
-13148
375
17764
18926
4290
16266
11306
-15671
2878
9437
11412
-19081
4303
-15668
-2331
-2416
-19091
19961
-15314
-19557
-4966
9100
-11359
4037
-9854
-1960
18406
12071
11917
2606
-13030
-1690
-7658
-14458
16501
13863
-19398
-14107
-13703
7770
-5507
-5462
1187
-15178
18097
1433
-19929
985
12737
12393
18338
19670
7971
-3794
19256
544
-17707
-18901
-11493
-7623
18982
249
-12880
