-9974
4137
-13343
-2230
5011
19651
-14062
6380
-4474
-5424
-17923
-1919
-533
15912
1417
12949
-9460
10208
19396
6028
-17241
-12534
-13614
15800
-13333
7500
13329
-1688
-12803
-805
5813
-4501
19815
6317
-11262
2025
-8602
15932
10365
-10626
-13373
-17067
-6715
-6847
-16107
6493
12191
16054
-560
2478
8090
-1016
12818
7424
13635
-17706
-2200
-14174
-7480
-13425
5031
-10653
-11879
-4096
-9306
-5359
-10824
17310
-13106
-16102
17924
-9309
4447
8727
-7418
14691
-2642
2029
-13746
-17955
10145
16786
-12348
2984
215
18880
-7922
-16997
-8378
-11515
-19879
3443
-15399
-13173
-16494
4168
-11270
19094
-7816
-8013
-18482
11360
12438
-8305
1168
1312
14708
-12060
226
-1497
8547
-15577
18066
5154
19175
-7362
-9019
-10712
11963
19241
16924
-11919
-921
6945
7980
16923
12246
-15059
16847
10549
-7818
-5766
-14190
-179
-12560
10233
-12458
-11924
9609
2884
-3325
10564
30
-13360
4572
18488
-2445
17280
2093
3683
5728
-10955
-18498
-14512
7771
-16187
-13656
-6278
-14016
8132
7485
-12227
18501
15394
14215
11334
-13728
-13635
-15222
-7716
-19772
2520
-8506
-7514
11875
-14870
8932
3879
4484
-18872
-11260
-14494
-9603
-2772
2405
3736
-15207
-9193
-15172
-16724
17984
-7707
7580
4553
18491
-19724
17283
-17933
-1434
-6332
-9779
3240
-14331
18054
-3373
-359
-7212
-15828
-12404
15906
18437
2937
-8604
18133
7452
-1941
15033
19347
-7832
-11122
-19428
12430
-12506
18657
-12146
-98
-9991
-13881
-12393
17703
-7259
-6841
14801
-9758
7757
-5666
17143
-15069
-7685
12243
17226
-16015
2803
17305
9361
11703
6959
-5690
-13865
-15586
577
-12781
-7173
4247
16868
-6606
-4502
4257
5114
17895
-3933
11538
-5142
-18160
9972
7452
-3051
-5734
19262
-1703
-12230
-6333
-2391
15701
1442
-17647
4986
-13338
2789
-3546
-9572
14793
-9826
-8034
18303
1761
-441
4559
12497
-12299
10486
-16749
-18965
15768
6190
-9676
10243
-7997
12082
8593
-6808
13007
4024
-3090
-12836
-18920
3103
-816
10915
-1470
-12846
-5490
-3208
18217
-11220
-15500
-10865
-19115
-5893
-3175
-13149
-14391
16750
5939
18488
7434
16771
4984
-4775
3778
-6267
-8921
-668
-18060
8033
9254
-13745
14010
-1592
19500
10281
-12358
10741
-11055
-4232
-16888
10823
-12977
18865
-713
13498
8659
16239
12083
-16752
8988
-9537
-507
12264
1601
18616
-12087
-16238
-10213
-4269
100
-2510
10507
-7393
-1960
-6872
5189
2950
11582
14806
-1852
-13393
-13289
-12995
8255
4253
3510
14924
4332
3002
-10580
8007
-15337
-13047
10684
-17936
19625
-2788
5377
5673
-95
-17228
-13352
8563
-19407
-8419
538
-8122
-394
5180
6316
4409
19868
-5140
9509
5127
10353
18864
7908
-903
-298
-18564
6851
-16051
-15685
15953
10879
8025
12304
16958
-13167
17743
15303
12138
3110
11350
-16745
9693
4167
-17838
257
-514
-1578
-4350
4902
-18217
-15346
-11800
-6171
-8704
13994
5421
1471
-17021
9402
-11965
-19327
13640
17773
18069
11853
-18893
-18806
11504
-820
-16823
4873
8294
-7298
7667
3259
9671
-15438
3430
-19818
943
18374
-4660
8664
3745
8890
4467
-16099
16720
-7999
18589
1806
18903
-6247
-7330
9504
4956
-19358
15870
-3497
5963
-3302
16575
4270
-13248
12028
3826
-19935
7580
-10624
5871
10854
14375
8981
17495
-13616
-7970
15552
3155
16831
18847
-11613
5173
3218
12717
-18308
15872
-11128
-6304
17465
753
-19316
-17499
-1655
6606
5238
-10682
-2356
17982
-6429
15553
13802
2802
-15950
-3908
19402
-3266
-14069
1934
-10899
-13356
-12016
13260
-18093
-2759
13652
-16340
17767
6943
15943
-1771
14479
10099
-11184
1067
5158
-16639
-18790
-15295
-18068
-7678
-3060
-10428
-17752
5810
-41
-13730
12906
15845
-9162
19372
-14969
5602
-12879
-17175
9422
-3886
-11880
2767
10850
11542
-5931
14625
2283
-3972
1494
17120
11687
-9080
10248
-974
14983
-6826
15399
19954
-7097
-13730
5410
-18755
3538
-17718
-7245
5953
-18046
-17883
-16295
-16064
-2984
11559
536
3689
8813
2803
-5007
14916
14938
17752
386
-14495
3866
-3710
4855
-17972
14746
-14842
-10182
-3162
-16742
-4250
-19775
-18770
-18970
-3162
-19462
-11549
-10269
-5374
-8994
18228
-439
5326
10118
12805
16859
-2593
-9202
-11046
3461
3383
-7200
-2514
2941
834
9929
13376
-16014
1181
7481
-4281
17021
3605
-7375
-10451
-5757
15609
-1950
-1321
-10005
13892
-14223
-15453
-12901
-14315
-13656
15684
19514
-8393
-5753
-13092
916
-1451
19959
-8995
614
18847
-2939
-6859
-18797
8738
-2470
-9056
-5534
-7625
13695
-1985
-6948
1669
13775
15323
16998
-7842
-1768
-5963
11784
-15602
18485
11261
-16150
-8336
-19424
1719
1984
14523
-11430
-11018
-11122
-18359
4116
166
-6878
-11827
1397
-12039
-10274
1997
-14697
-12988
995
11254
459
18457
-13873
13800
19449
5402
-320
-1795
4224
4693
-18696
-8282
15619
-12933
4354
4510
-4710
-4629
7224
19580
295
1699
-15095
-7249
-13626
-17785
-12902
6220
7370
-11686
-7093
583
-13629
-16861
-19129
-18010
-420
-6744
-10348
-1091
-1909
14396
11524
938
13331
-6221
12641
5405
8348
8349
10622
11479
8126
19101
-3362
2411
-2563
1703
-11725
7770
9529
-2590
6028
14409
-8525
19566
-11374
-6792
19346
5334
1440
-15854
-13989
-6511
2675
-1280
12668
-19404
-7244
-6484
17463
8622
-18407
11923
-11919
7095
5035
13048
-16318
-12051
9027
12173
-15782
-13430
-1402
-16497
-18673
-10242
-9402
-11752
-3177
-4019
-3504
10642
-9921
-16316
9285
-10407
-15078
-438
7467
10882
-10726
-9921
4696
17677
11242
1534
13271
-10288
-11023
-8428
-11085
1870
8358
16657
19711
-721
-14581
-12589
-6235
12453
-4565
-758
-2660
-18700
224
-12164
-75
-14275
19473
-2253
7363
8010
-4242
-498
-3748
2477
-11193
-5278
-10907
10299
-8866
13297
-11961
-8988
-7587
-13705
8339
6897
-14115
-16438
-9286
3081
9109
-6922
-14226
-1804
11682
-18700
-9597
-13353
12840
13408
3478
-13308
-17337
14135
-3008
4779
-8108
-2384
-6823
-5704
-18826
7182
14978
10599
-8471
-16732
5551
9951
-19008
-10964
128
5866
-11757
-14156
-16062
7723
1931
9594
254
-1246
-9704
11122
-9829
10788
-13148
375
17764
18926
4290
16266
11306
-15671
2878
9437
11412
-19081
4303
-15668
-2331
-2416
-19091
19961
-15314
-19557
-4966
9100
-11359
4037
-9854
-1960
18406
12071
11917
2606
-13030
-1690
-7658
-14458
16501
13863
-19398
-14107
-13703
7770
-5507
-5462
1187
-15178
18097
1433
-19929
985
12737
12393
18338
19670
7971
-3794
19256
544
-17707
-18901
-11493
-7623
18982
249
-12880
16153
1236
-19861
6153
1338
-17229
-10137
-14686
-11782
-12169
-19440
1594
-763
-6768
11493
-18298
-4962
16597
14284
522
13242
-751
7790
9532
-5367
-836
13849
-16981
5211
-4552
15134
16051
9430
-13593
-6478
13950
14949
-19365
2244
13383
4320
18958
-19
-7024
15807
12554
-17163
12705
2353
9584
-1278
6987
17881
19012
2851
12506
15220
-19569
-83
17213
9127
-18793
1814
3826
107
9210
-13496
-3366
-51
-5332
-5458
-6107
5488
17833
-3514
-11567
-171
-16421
-14811
16997
9294
-19628
-18162
10000
726
-10313
-10878
19296
-2520
5842
2829
-16081
9036
-15526
-9429
14529
15584
-121
-17759
18647
14292
-4604
-16586
-9422
-10993
4851
-11897
-5256
17008
-17571
13116
-7412
-18612
18505
-1863
-5724
15486
13734
-8493
-6863
-10774
11880
-9901
-17834
-4063
13267
-881
56
-14104
964
-4280
947
2352
16458
-8369
-13674
9484
17666
6558
6448
12817
1084
14335
-14601
-1162
10418
-17297
-10001
-11721
12689
-14446
-4718
1667
-6361
-10432
-495
2173
5344
-5040
19965
14507
-17900
-13505
14435
7603
-6006
-896
-14027
-180
10799
9812
-2309
-13819
14262
-9055
-6033
-14825
11388
6576
19989
7003
9385
-78
-14675
19904
18199
15846
6654
5191
5993
2164
-19056
18872
-17276
2164
-7625
-10932
-14936
12231
4894
-15770
12691
6485
10671
-12084
9213
4821
14942
217
12164
5838
-12143
807
11190
-5043
14205
2602
-14775
9181
4247
-19714
-9163
-19190
-1542
-9292
12280
9958
8411
3857
-2229
-18598
-6391
17564
-10839
1770
10335
5085
-11158
8411
4934
-7753
-16584
-2129
7908
9301
16327
9001
-19116
17500
-12375
-620
-15503
-17709
-4306
-13616
-6066
3382
12924
-18167
-14239
1925
-14161
16592
-8037
-7113
9454
17246
17273
18917
6932
-16556
-15110
-17667
3578
19620
5402
15573
6881
-15971
-7518
440
14713
5912
18955
6976
-15109
-11318
6565
15007
4470
-18786
4498
18829
19214
11120
13537
-18251
-13838
-18528
-6768
7912
-8673
3468
14845
13229
-7726
3145
14906
16148
-12367
3363
3551
13463
-10554
-9224
-4958
2152
1432
10311
18491
11283
-15527
18858
11618
4378
247
-7206
-8044
16947
5928
999
-8997
-14844
-15816
-17535
-6465
19141
-9006
12286
-11336
-9493
6977
8345
133
14468
-2425
-14381
-9983
12079
4803
7378
-5199
1978
-8827
-4511
-12980
6765
-14200
-10450
406
9607
16940
13807
-12321
-18791
3287
17286
-19644
3137
-14360
11501
-8475
-8930
-10032
-13800
12451
-12545
6486
2190
-3560
10695
-11572
15834
-11559
-1547
8002
-1827
-8280
14364
1644
15139
16967
-3303
1665
-17543
11477
-16711
-16444
-5472
19154
-7744
-12539
-14326
-12261
16191
-14362
3138
9161
19270
18667
-10613
-19807
-7240
6767
-10301
-14325
1421
6263
-17232
-13027
17361
15727
-7945
-1089
-2593
-19019
7611
11138
15891
-12091
-13801
-16102
-15817
3417
-689
-50
-5010
-2102
11104
-12630
-774
-2795
-9532
18657
-5136
-14940
11670
-14088
-17615
1526
5826
6147
-7978
8057
15498
-10004
2925
-8636
-4668
1272
-3172
18935
10694
-12425
-6284
-19694
2767
-6425
6966
-18032
-5649
10791
-8749
-19018
-6526
9191
-6861
-4072
-6848
-15699
10825
4916
13458
12637
13332
-5427
2462
7830
17905
3951
-17757
-5703
-10081
6374
19984
-11893
-17764
7600
-15520
-17964
-17942
-13114
-9729
-2276
13234
2891
13257
-3935
-3200
-18834
4258
-3390
-780
-14918
12250
1470
6132
5321
13912
9095
-19184
14074
-539
5403
-19655
-14957
-5753
-6400
9109
-19556
-6728
14268
-9603
11837
-4543
11463
-2076
-18347
-6210
2048
-5749
12700
-11326
6126
-15496
1161
10942
-16823
13376
-8557
-15682
823
3017
18262
5513
-1954
9519
-16940
11946
-9808
9601
-13155
17559
8870
-1199
-5287
17955
8614
-15884
-13801
-18304
-11925
-17608
-5295
19660
-19669
-19745
12872
-8914
3020
-15562
-49
-16033
18083
14448
1446
-7517
1033
-6900
11911
16714
-15243
222
17243
-15099
-10204
-8539
-6239
-19116
-8243
4259
7760
11745
-2973
10043
13121
12236
-331
19869
-1541
13521
-13534
2437
4224
12488
2160
13596
5715
-5303
18229
3356
5809
-15078
15795
-6617
-12729
1253
13681
830
11304
-8435
-14619
4265
17080
7047
-11867
16548
-18424
-11693
5973
-15129
-920
-193
18685
-14384
3284
4300
9911
4213
18910
-16103
9485
8196
18586
13678
-7949
-16797
7237
9644
-11156
15976
3200
-3307
-11055
-17718
-16264
-11114
-19020
4819
-5706
4153
18473
-8033
-2398
9266
-3733
-4728
12923
-1819
16857
-278
15494
10670
5806
3515
-8546
-3067
-3381
15517
-14060
-15455
-17865
-19713
-11353
-17128
11334
6984
7389
8728
-12699
-3278
9252
8781
-4194
-500
8282
385
10616
-10173
-13268
-14842
-9785
-13281
6781
-7366
-3025
-17446
1328
17158
-13203
129
252
-7789
315
-17087
-16414
6056
16014
13440
-17419
-10074
15321
-5002
-8551
-9717
-13223
-8009
-18076
-775
-12360
-5406
9609
-16618
-7147
-17207
-2295
17078
3095
-1991
-15686
-6880
-7268
5677
18511
-12658
-4544
-9756
9552
-5723
18908
-94
10617
-8385
-1211
9949
-2901
-10340
13804
10614
-4780
-1384
15335
-1495
17705
-1558
-1828
13431
14673
-17610
-14701
-18929
-11864
-10576
11386
8676
-1292
6979
-850
-3189
8910
-3338
-14747
-8293
-18370
12386
5957
-4376
-8031
10297
-7787
-13706
-9807
-17978
-1873
682
-1916
1371
-4457
-3016
-1101
-16341
11834
14218
-5949
9902
6414
1187
18669
-15114
1797
-13114
-4711
-17456
-4378
-16690
-14548
-4532
11864
17728
9535
18632
-6378
13213
-4742
3767
-4516
13999
-5118
16231
2440
2594
17477
-16329
-12946
-17174
2363
10992
-902
-14229
13223
5756
16479
17199
-9997
9044
7494
-3462
6043
-3296
8841
-13709
-6481
-15600
11801
15659
4917
775
4760
1798
8227
-6961
-3354
-11466
8930
-10248
-16144
-15966
17109
10446
11847
-10488
-7354
865
5529
-9391
-11196
-12996
10655
-13197
-9147
-10415
987
-13329
12044
8746
-14029
19673
6857
-15091
19148
18329
1077
1859
-11077
15003
11572
15379
749
-5204
2617
19503
-9645
-6409
-14648
-3302
-1491
17965
6735
-1150
-423
-8737
-10466
15071
4260
-13519
-17658
-6729
794
14683
11992
-14911
12407
4364
18101
-15342
-15204
-751
-9397
-7111
-6824
-17551
13341
1933
-1946
-9281
548
-12421
8291
-8295
-6918
-7848
12849
-7307
5394
7876
17564
9422
1591
-8053
9297
-13683
-2691
13668
5619
5116
-6694
6130
931
19183
17668
-10866
-3873
7260
1812
-7914
3192
4901
-11726
6323
7512
-4856
-6143
9945
17315
18226
1179
-12397
-1450
9118
13066
-11078
-13639
11282
621
7450
11547
-14511
7466
12539
-3516
