-19980
-19971
-19967
-19929
-19923
-19910
-19839
-19837
-19823
-19817
-19816
-19814
-19796
-19788
-19783
-19736
-19716
-19714
-19711
-19708
-19707
-19703
-19682
-19640
-19614
-19606
-19588
-19580
-19580
-19551
-19547
-19544
-19541
-19539
-19531
-19508
-19501
-19490
-19486
-19411
-19393
-19390
-19357
-19351
-19342
-19322
-19314
-19311
-19282
-19280
-19250
-19245
-19195
-19175
-19171
-19165
-19121
-19092
-19052
-19028
-18919
-18908
-18907
-18906
-18896
-18882
-18859
-18847
-18773
-18736
-18721
-18700
-18684
-18679
-18671
-18659
-18653
-18591
-18568
-18558
-18543
-18530
-18528
-18524
-18491
-18427
-18403
-18400
-18391
-18386
-18384
-18376
-18370
-18368
-18363
-18348
-18302
-18275
-18251
-18169
-18118
-18109
-18091
-18070
-18043
-18039
-18015
-18006
-17993
-17968
-17957
-17952
-17918
-17915
-17895
-17869
-17850
-17841
-17837
-17836
-17823
-17804
-17795
-17794
-17711
-17685
-17651
-17638
-17629
-17614
-17610
-17609
-17598
-17591
-17513
-17502
-17494
-17455
-17432
-17406
-17369
-17336
-17326
-17315
-17305
-17301
-17298
-17290
-17228
-17160
-17148
-17097
-17089
-17081
-17066
-17058
-17003
-16942
-16905
-16898
-16894
-16892
-16867
-16826
-16820
-16813
-16743
-16713
-16705
-16686
-16684
-16674
-16635
-16616
-16583
-16578
-16555
-16546
-16523
-16488
-16485
-16482
-16482
-16479
-16471
-16356
-16345
-16331
-16323
-16248
-16243
-16225
-16210
-16196
-16188
-16161
-16154
-16132
-16124
-16108
-16092
-16083
-16067
-16045
-16035
-16026
-16026
-16016
-16011
-15979
-15937
-15887
-15879
-15823
-15810
-15795
-15766
-15762
-15758
-15753
-15749
-15722
-15713
-15651
-15598
-15592
-15589
-15580
-15579
-15522
-15520
-15504
-15502
-15488
-15471
-15467
-15464
-15459
-15412
-15395
-15388
-15370
-15364
-15350
-15342
-15337
-15333
-15317
-15305
-15298
-15297
-15285
-15247
-15242
-15219
-15167
-15165
-15135
-15126
-15110
-15090
-15056
-15012
-15011
-15004
-15001
-14985
-14977
-14963
-14886
-14849
-14818
-14775
-14768
-14756
-14754
-14745
-14739
-14735
-14717
-14704
-14698
-14662
-14653
-14650
-14616
-14594
-14593
-14571
-14553
-14529
-14528
-14518
-14497
-14473
-14459
-14435
-14391
-14347
-14209
-14208
-14204
-14183
-14179
-14138
-14127
-14076
-14055
-14040
-14033
-13999
-13984
-13950
-13941
-13927
-13902
-13888
-13886
-13878
-13877
-13804
-13779
-13774
-13739
-13726
-13724
-13710
-13696
-13694
-13686
-13669
-13660
-13586
-13569
-13530
-13514
-13483
-13467
-13453
-13444
-13425
-13382
-13380
-13362
-13347
-13342
-13330
-13286
-13244
-13220
-13218
-13199
-13176
-13167
-13156
-13151
-13145
-13129
-13119
-13091
-13045
-13038
-13031
-13030
-13022
-13021
-13004
-12997
-12962
-12949
-12906
-12892
-12872
-12872
-12870
-12846
-12846
-12833
-12828
-12801
-12800
-12774
-12751
-12719
-12656
-12638
-12636
-12633
-12624
-12621
-12601
-12596
-12563
-12535
-12516
-12496
-12455
-12427
-12356
-12345
-12344
-12342
-12333
-12328
-12321
-12318
-12314
-12300
-12278
-12220
-12191
-12163
-12125
-12118
-12101
-12091
-12089
-12086
-12060
-12046
-12040
-12021
-12004
-11925
-11898
-11849
-11833
-11819
-11777
-11766
-11755
-11696
-11685
-11671
-11657
-11626
-11618
-11617
-11599
-11579
-11577
-11522
-11505
-11504
-11502
-11470
-11461
-11453
-11447
-11443
-11392
-11382
-11375
-11361
-11302
-11292
-11280
-11257
-11241
-11202
-11196
-11174
-11134
-11121
-11090
-11086
-11075
-11067
-11055
-11052
-11001
-10942
-10916
-10909
-10898
-10871
-10868
-10865
-10855
-10850
-10834
-10820
-10804
-10795
-10794
-10771
-10735
-10718
-10687
-10670
-10650
-10624
-10620
-10536
-10498
-10486
-10448
-10427
-10417
-10361
-10344
-10326
-10297
-10268
-10268
-10266
-10250
-10249
-10239
-10231
-10215
-10196
-10174
-10149
-10140
-10073
-10051
-10031
-10028
-9998
-9998
-9959
-9928
-9920
-9896
-9896
-9883
-9863
-9835
-9828
-9730
-9686
-9676
-9671
-9655
-9648
-9647
-9625
-9621
-9621
-9602
-9602
-9568
-9565
-9538
-9527
-9511
-9473
-9458
-9434
-9431
-9416
-9410
-9404
-9402
-9393
-9352
-9314
-9278
-9264
-9258
-9251
-9236
-9208
-9192
-9158
-9119
-9082
-9061
-9055
-9033
-9016
-9012
-8989
-8985
-8927
-8925
-8924
-8885
-8842
-8839
-8801
-8795
-8771
-8745
-8729
-8728
-8727
-8718
-8633
-8608
-8596
-8553
-8534
-8517
-8514
-8501
-8477
-8428
-8423
-8412
-8408
-8405
-8385
-8323
-8291
-8251
-8249
-8201
-8161
-8116
-8114
-8067
-8064
-8054
-8052
-8043
-8035
-8033
-7998
-7993
-7927
-7896
-7879
-7870
-7862
-7796
-7793
-7785
-7769
-7760
-7757
-7748
-7735
-7734
-7698
-7674
-7645
-7610
-7573
-7567
-7562
-7534
-7510
-7506
-7506
-7488
-7446
-7379
-7373
-7365
-7361
-7352
-7325
-7324
-7296
-7282
-7271
-7270
-7269
-7259
-7256
-7245
-7237
-7185
-7169
-7153
-7145
-7130
-7127
-7120
-7115
-7083
-7072
-7058
-7044
-7041
-7021
-7019
-6994
-6968
-6957
-6928
-6924
-6906
-6892
-6880
-6837
-6802
-6798
-6699
-6680
-6671
-6649
-6628
-6625
-6625
-6612
-6596
-6565
-6563
-6552
-6531
-6524
-6491
-6490
-6486
-6475
-6446
-6429
-6421
-6380
-6321
-6312
-6300
-6271
-6270
-6215
-6197
-6167
-6161
-6144
-6124
-6102
-6012
-5986
-5943
-5938
-5933
-5922
-5912
-5884
-5854
-5820
-5796
-5778
-5775
-5771
-5720
-5689
-5689
-5681
-5667
-5661
-5653
-5642
-5610
-5578
-5563
-5498
-5494
-5494
-5487
-5481
-5477
-5474
-5462
-5450
-5448
-5425
-5425
-5423
-5421
-5406
-5401
-5334
-5316
-5311
-5310
-5307
-5287
-5264
-5246
-5216
-5209
-5204
-5186
-5157
-5154
-5138
-5124
-5121
-5114
-5081
-5070
-5065
-4991
-4987
-4946
-4934
-4931
-4923
-4901
-4893
-4882
-4881
-4856
-4817
-4811
-4801
-4795
-4784
-4783
-4781
-4780
-4774
-4764
-4760
-4757
-4726
-4697
-4644
-4641
-4639
-4622
-4536
-4521
-4516
-4494
-4485
-4485
-4443
-4432
-4419
-4400
-4367
-4302
-4296
-4214
-4192
-4173
-4169
-4137
-4124
-4101
-4100
-4100
-4097
-4083
-4060
-4036
-3992
-3974
-3965
-3957
-3930
-3927
-3891
-3871
-3833
-3818
-3785
-3784
-3776
-3775
-3722
-3699
-3682
-3658
-3643
-3612
-3605
-3599
-3557
-3537
-3532
-3478
-3454
-3365
-3335
-3313
-3310
-3306
-3280
-3278
-3207
-3186
-3176
-3170
-3148
-3141
-3129
-3117
-3111
-3091
-3085
-3076
-3062
-3047
-3042
-2998
-2988
-2986
-2936
-2924
-2910
-2896
-2867
-2862
-2816
-2809
-2795
-2784
-2768
-2748
-2739
-2660
-2642
-2627
-2605
-2587
-2564
-2539
-2531
-2487
-2419
-2400
-2396
-2392
-2334
-2279
-2249
-2243
-2241
-2240
-2201
-2194
-2155
-2151
-2122
-2106
-2083
-2048
-2036
-2028
-2021
-1983
-1922
-1885
-1867
-1844
-1818
-1815
-1805
-1796
-1793
-1713
-1703
-1640
-1610
-1607
-1598
-1530
-1411
-1384
-1346
-1340
-1325
-1321
-1299
-1270
-1264
-1262
-1254
-1242
-1175
-1168
-1162
-1144
-1059
-1051
-1033
-1008
-990
-988
-981
-978
-939
-921
-914
-882
-882
-838
-803
-796
-776
-759
-752
-689
-687
-662
-651
-608
-606
-602
-593
-588
-538
-510
-497
-484
-465
-460
-459
-414
-393
-387
-369
-367
-367
-306
-293
-292
-276
-275
-272
-266
-219
-174
-168
-162
-152
-143
-137
-134
-130
-130
-79
-72
-64
-44
-38
26
44
59
94
105
167
184
190
200
213
215
250
260
261
263
288
293
353
353
365
372
379
401
419
423
424
441
535
558
570
589
596
600
612
622
625
628
639
640
681
683
699
717
732
737
767
790
793
819
860
878
907
907
933
944
1002
1006
1012
1013
1020
1052
1080
1080
1083
1095
1118
1140
1147
1171
1188
1190
1204
1211
1216
1231
1276
1285
1290
1330
1341
1344
1361
1372
1376
1398
1403
1420
1446
1472
1516
1516
1525
1549
1593
1631
1647
1651
1661
1671
1760
1775
1812
1825
1828
1839
1865
1880
1895
1915
1936
1955
2006
2009
2038
2077
2161
2168
2233
2234
2256
2346
2356
2390
2439
2442
2470
2477
2490
2533
2533
2571
2579
2595
2629
2632
2651
2674
2678
2701
2732
2739
2767
2810
2828
2850
2892
2944
2958
2966
2976
3020
3063
3074
3131
3179
3250
3328
3329
3339
3344
3373
3379
3411
3414
3420
3425
3448
3453
3453
3456
3478
3508
3510
3516
3539
3555
3580
3627
3695
3783
3853
3861
3873
3905
3906
3908
3921
3946
3951
3960
3976
4016
4018
4025
4039
4046
4052
4111
4115
4131
4132
4148
4154
4156
4182
4193
4214
4223
4281
4282
4294
4304
4306
4318
4332
4340
4360
4373
4387
4393
4393
4434
4461
4494
4509
4556
4575
4607
4656
4691
4697
4700
4754
4777
4871
4909
4915
4948
4953
4971
4975
4988
5010
5129
5186
5212
5289
5330
5332
5342
5392
5406
5423
5425
5464
5466
5513
5515
5545
5559
5581
5600
5613
5662
5664
5694
5720
5764
5798
5807
5826
5834
5872
5875
5888
5914
5915
5925
5926
5936
5968
6009
6109
6127
6152
6160
6176
6196
6198
6202
6211
6217
6219
6223
6225
6235
6249
6252
6252
6267
6278
6279
6314
6331
6332
6418
6434
6487
6497
6503
6596
6607
6623
6696
6721
6722
6723
6790
6858
6886
6889
6983
7018
7018
7020
7041
7056
7084
7091
7092
7099
7141
7221
7260
7287
7302
7303
7315
7328
7329
7352
7394
7402
7405
7445
7465
7468
7474
7485
7558
7561
7564
7569
7574
7596
7600
7601
7625
7648
7654
7661
7662
7720
7776
7811
7860
7906
7930
7954
7954
7980
7984
8014
8021
8032
8035
8074
8087
8089
8100
8122
8167
8178
8208
8217
8271
8296
8311
8337
8344
8350
8356
8362
8399
8429
8444
8486
8553
8598
8638
8654
8654
8663
8685
8696
8710
8717
8748
8758
8785
8795
8800
8804
8830
8847
8849
8873
8923
8930
8980
8994
9057
9065
9074
9090
9095
9109
9133
9137
9152
9158
9165
9171
9172
9178
9190
9215
9217
9252
9278
9296
9319
9336
9348
9361
9373
9400
9410
9422
9429
9457
9463
9487
9493
9498
9523
9594
9648
9719
9737
9762
9766
9791
9793
9801
9842
9886
9898
9941
9965
9997
10002
10021
10022
10024
10062
10073
10077
10083
10090
10143
10166
10216
10226
10233
10243
10252
10306
10327
10332
10358
10365
10406
10420
10427
10467
10469
10474
10513
10515
10519
10533
10546
10559
10569
10639
10678
10681
10693
10696
10727
10773
10804
10817
10843
10844
10909
10922
10926
10942
10987
10991
11034
11058
11077
11077
11086
11093
11129
11160
11165
11172
11207
11209
11212
11254
11279
11304
11323
11353
11357
11371
11382
11383
11409
11428
11459
11471
11495
11500
11505
11554
11578
11602
11607
11644
11666
11667
11685
11692
11710
11733
11741
11748
11755
11760
11816
11836
11929
11934
11940
11960
11963
11985
11995
12033
12069
12120
12133
12151
12178
12186
12190
12190
12191
12273
12275
12297
12309
12339
12374
12416
12447
12518
12535
12535
12546
12564
12587
12689
12707
12716
12728
12729
12759
12766
12780
12780
12787
12791
12865
12882
12907
12921
12923
12953
12969
12991
13028
13043
13057
13112
13122
13132
13143
13145
13190
13237
13260
13270
13296
13396
13403
13418
13455
13466
13491
13511
13574
13635
13649
13671
13705
13734
13759
13779
13788
13792
13792
13831
13835
13850
13858
13915
13917
13933
13960
13964
13992
14006
14009
14030
14036
14050
14060
14063
14112
14133
14183
14244
14257
14272
14272
14277
14290
14316
14364
14399
14404
14476
14506
14518
14533
14533
14543
14551
14566
14583
14612
14623
14664
14692
14693
14716
14770
14771
14779
14796
14812
14832
14882
14901
14927
14928
14933
14962
14966
14989
14995
15043
15063
15081
15088
15089
15091
15092
15094
15115
15144
15149
15202
15254
15266
15307
15323
15326
15327
15327
15342
15347
15366
15391
15427
15453
15461
15467
15488
15534
15591
15596
15638
15743
15753
15755
15767
15774
15804
15858
15867
15906
15929
15939
15954
15957
15964
15982
15995
15996
16024
16040
16046
16070
16101
16161
16197
16203
16215
16227
16239
16261
16264
16269
16274
16278
16288
16337
16359
16380
16381
16401
16406
16441
16454
16463
16476
16478
16488
16511
16512
16516
16526
16605
16610
16674
16678
16697
16702
16720
16721
16734
16736
16763
16767
16775
16791
16846
16848
16884
16908
16918
16936
16947
17018
17024
17029
17029
17034
17045
17054
17062
17083
17100
17104
17174
17175
17188
17217
17249
17303
17306
17314
17317
17374
17375
17422
17448
17451
17462
17500
17539
17561
17569
17588
17591
17633
17639
17666
17676
17695
17696
17702
17704
17727
17757
17760
17770
17828
17834
17859
17860
17901
17918
17943
17973
18008
18013
18080
18115
18128
18130
18178
18181
18183
18236
18270
18293
18319
18323
18329
18335
18357
18370
18404
18416
18434
18440
18444
18448
18464
18514
18524
18550
18563
18607
18626
18650
18658
18691
18712
18721
18734
18745
18749
18758
18786
18812
18815
18823
18835
18851
18879
18888
18917
18930
18939
18968
18971
18997
19002
19032
19066
19103
19199
19230
19244
19249
19277
19299
19323
19325
19339
19358
19375
19380
19406
19441
19458
19517
19548
19562
19574
19575
19605
19613
19628
19654
19664
19692
19693
19716
19721
19745
19768
19771
19774
19792
19814
19819
19835
19836
19859
19860
19910
19913
19933
19938
19940
19994

