19994
19940
19938
19933
19913
19910
19860
19859
19836
19835
19819
19814
19792
19774
19771
19768
19745
19721
19716
19693
19692
19664
19654
19628
19613
19605
19575
19574
19562
19548
19517
19458
19441
19406
19380
19375
19358
19339
19325
19323
19299
19277
19249
19244
19230
19199
19103
19066
19032
19002
18997
18971
18968
18939
18930
18917
18888
18879
18851
18835
18823
18815
18812
18786
18758
18749
18745
18734
18721
18712
18691
18658
18650
18626
18607
18563
18550
18524
18514
18464
18448
18444
18440
18434
18416
18404
18370
18357
18335
18329
18323
18319
18293
18270
18236
18183
18181
18178
18130
18128
18115
18080
18013
18008
17973
17943
17918
17901
17860
17859
17834
17828
17770
17760
17757
17727
17704
17702
17696
17695
17676
17666
17639
17633
17591
17588
17569
17561
17539
17500
17462
17451
17448
17422
17375
17374
17317
17314
17306
17303
17249
17217
17188
17175
17174
17104
17100
17083
17062
17054
17045
17034
17029
17029
17024
17018
16947
16936
16918
16908
16884
16848
16846
16791
16775
16767
16763
16736
16734
16721
16720
16702
16697
16678
16674
16610
16605
16526
16516
16512
16511
16488
16478
16476
16463
16454
16441
16406
16401
16381
16380
16359
16337
16288
16278
16274
16269
16264
16261
16239
16227
16215
16203
16197
16161
16101
16070
16046
16040
16024
15996
15995
15982
15964
15957
15954
15939
15929
15906
15867
15858
15804
15774
15767
15755
15753
15743
15638
15596
15591
15534
15488
15467
15461
15453
15427
15391
15366
15347
15342
15327
15327
15326
15323
15307
15266
15254
15202
15149
15144
15115
15094
15092
15091
15089
15088
15081
15063
15043
14995
14989
14966
14962
14933
14928
14927
14901
14882
14832
14812
14796
14779
14771
14770
14716
14693
14692
14664
14623
14612
14583
14566
14551
14543
14533
14533
14518
14506
14476
14404
14399
14364
14316
14290
14277
14272
14272
14257
14244
14183
14133
14112
14063
14060
14050
14036
14030
14009
14006
13992
13964
13960
13933
13917
13915
13858
13850
13835
13831
13792
13792
13788
13779
13759
13734
13705
13671
13649
13635
13574
13511
13491
13466
13455
13418
13403
13396
13296
13270
13260
13237
13190
13145
13143
13132
13122
13112
13057
13043
13028
12991
12969
12953
12923
12921
12907
12882
12865
12791
12787
12780
12780
12766
12759
12729
12728
12716
12707
12689
12587
12564
12546
12535
12535
12518
12447
12416
12374
12339
12309
12297
12275
12273
12191
12190
12190
12186
12178
12151
12133
12120
12069
12033
11995
11985
11963
11960
11940
11934
11929
11836
11816
11760
11755
11748
11741
11733
11710
11692
11685
11667
11666
11644
11607
11602
11578
11554
11505
11500
11495
11471
11459
11428
11409
11383
11382
11371
11357
11353
11323
11304
11279
11254
11212
11209
11207
11172
11165
11160
11129
11093
11086
11077
11077
11058
11034
10991
10987
10942
10926
10922
10909
10844
10843
10817
10804
10773
10727
10696
10693
10681
10678
10639
10569
10559
10546
10533
10519
10515
10513
10474
10469
10467
10427
10420
10406
10365
10358
10332
10327
10306
10252
10243
10233
10226
10216
10166
10143
10090
10083
10077
10073
10062
10024
10022
10021
10002
9997
9965
9941
9898
9886
9842
9801
9793
9791
9766
9762
9737
9719
9648
9594
9523
9498
9493
9487
9463
9457
9429
9422
9410
9400
9373
9361
9348
9336
9319
9296
9278
9252
9217
9215
9190
9178
9172
9171
9165
9158
9152
9137
9133
9109
9095
9090
9074
9065
9057
8994
8980
8930
8923
8873
8849
8847
8830
8804
8800
8795
8785
8758
8748
8717
8710
8696
8685
8663
8654
8654
8638
8598
8553
8486
8444
8429
8399
8362
8356
8350
8344
8337
8311
8296
8271
8217
8208
8178
8167
8122
8100
8089
8087
8074
8035
8032
8021
8014
7984
7980
7954
7954
7930
7906
7860
7811
7776
7720
7662
7661
7654
7648
7625
7601
7600
7596
7574
7569
7564
7561
7558
7485
7474
7468
7465
7445
7405
7402
7394
7352
7329
7328
7315
7303
7302
7287
7260
7221
7141
7099
7092
7091
7084
7056
7041
7020
7018
7018
6983
6889
6886
6858
6790
6723
6722
6721
6696
6623
6607
6596
6503
6497
6487
6434
6418
6332
6331
6314
6279
6278
6267
6252
6252
6249
6235
6225
6223
6219
6217
6211
6202
6198
6196
6176
6160
6152
6127
6109
6009
5968
5936
5926
5925
5915
5914
5888
5875
5872
5834
5826
5807
5798
5764
5720
5694
5664
5662
5613
5600
5581
5559
5545
5515
5513
5466
5464
5425
5423
5406
5392
5342
5332
5330
5289
5212
5186
5129
5010
4988
4975
4971
4953
4948
4915
4909
4871
4777
4754
4700
4697
4691
4656
4607
4575
4556
4509
4494
4461
4434
4393
4393
4387
4373
4360
4340
4332
4318
4306
4304
4294
4282
4281
4223
4214
4193
4182
4156
4154
4148
4132
4131
4115
4111
4052
4046
4039
4025
4018
4016
3976
3960
3951
3946
3921
3908
3906
3905
3873
3861
3853
3783
3695
3627
3580
3555
3539
3516
3510
3508
3478
3456
3453
3453
3448
3425
3420
3414
3411
3379
3373
3344
3339
3329
3328
3250
3179
3131
3074
3063
3020
2976
2966
2958
2944
2892
2850
2828
2810
2767
2739
2732
2701
2678
2674
2651
2632
2629
2595
2579
2571
2533
2533
2490
2477
2470
2442
2439
2390
2356
2346
2256
2234
2233
2168
2161
2077
2038
2009
2006
1955
1936
1915
1895
1880
1865
1839
1828
1825
1812
1775
1760
1671
1661
1651
1647
1631
1593
1549
1525
1516
1516
1472
1446
1420
1403
1398
1376
1372
1361
1344
1341
1330
1290
1285
1276
1231
1216
1211
1204
1190
1188
1171
1147
1140
1118
1095
1083
1080
1080
1052
1020
1013
1012
1006
1002
944
933
907
907
878
860
819
793
790
767
737
732
717
699
683
681
640
639
628
625
622
612
600
596
589
570
558
535
441
424
423
419
401
379
372
365
353
353
293
288
263
261
260
250
215
213
200
190
184
167
105
94
59
44
26
-38
-44
-64
-72
-79
-130
-130
-134
-137
-143
-152
-162
-168
-174
-219
-266
-272
-275
-276
-292
-293
-306
-367
-367
-369
-387
-393
-414
-459
-460
-465
-484
-497
-510
-538
-588
-593
-602
-606
-608
-651
-662
-687
-689
-752
-759
-776
-796
-803
-838
-882
-882
-914
-921
-939
-978
-981
-988
-990
-1008
-1033
-1051
-1059
-1144
-1162
-1168
-1175
-1242
-1254
-1262
-1264
-1270
-1299
-1321
-1325
-1340
-1346
-1384
-1411
-1530
-1598
-1607
-1610
-1640
-1703
-1713
-1793
-1796
-1805
-1815
-1818
-1844
-1867
-1885
-1922
-1983
-2021
-2028
-2036
-2048
-2083
-2106
-2122
-2151
-2155
-2194
-2201
-2240
-2241
-2243
-2249
-2279
-2334
-2392
-2396
-2400
-2419
-2487
-2531
-2539
-2564
-2587
-2605
-2627
-2642
-2660
-2739
-2748
-2768
-2784
-2795
-2809
-2816
-2862
-2867
-2896
-2910
-2924
-2936
-2986
-2988
-2998
-3042
-3047
-3062
-3076
-3085
-3091
-3111
-3117
-3129
-3141
-3148
-3170
-3176
-3186
-3207
-3278
-3280
-3306
-3310
-3313
-3335
-3365
-3454
-3478
-3532
-3537
-3557
-3599
-3605
-3612
-3643
-3658
-3682
-3699
-3722
-3775
-3776
-3784
-3785
-3818
-3833
-3871
-3891
-3927
-3930
-3957
-3965
-3974
-3992
-4036
-4060
-4083
-4097
-4100
-4100
-4101
-4124
-4137
-4169
-4173
-4192
-4214
-4296
-4302
-4367
-4400
-4419
-4432
-4443
-4485
-4485
-4494
-4516
-4521
-4536
-4622
-4639
-4641
-4644
-4697
-4726
-4757
-4760
-4764
-4774
-4780
-4781
-4783
-4784
-4795
-4801
-4811
-4817
-4856
-4881
-4882
-4893
-4901
-4923
-4931
-4934
-4946
-4987
-4991
-5065
-5070
-5081
-5114
-5121
-5124
-5138
-5154
-5157
-5186
-5204
-5209
-5216
-5246
-5264
-5287
-5307
-5310
-5311
-5316
-5334
-5401
-5406
-5421
-5423
-5425
-5425
-5448
-5450
-5462
-5474
-5477
-5481
-5487
-5494
-5494
-5498
-5563
-5578
-5610
-5642
-5653
-5661
-5667
-5681
-5689
-5689
-5720
-5771
-5775
-5778
-5796
-5820
-5854
-5884
-5912
-5922
-5933
-5938
-5943
-5986
-6012
-6102
-6124
-6144
-6161
-6167
-6197
-6215
-6270
-6271
-6300
-6312
-6321
-6380
-6421
-6429
-6446
-6475
-6486
-6490
-6491
-6524
-6531
-6552
-6563
-6565
-6596
-6612
-6625
-6625
-6628
-6649
-6671
-6680
-6699
-6798
-6802
-6837
-6880
-6892
-6906
-6924
-6928
-6957
-6968
-6994
-7019
-7021
-7041
-7044
-7058
-7072
-7083
-7115
-7120
-7127
-7130
-7145
-7153
-7169
-7185
-7237
-7245
-7256
-7259
-7269
-7270
-7271
-7282
-7296
-7324
-7325
-7352
-7361
-7365
-7373
-7379
-7446
-7488
-7506
-7506
-7510
-7534
-7562
-7567
-7573
-7610
-7645
-7674
-7698
-7734
-7735
-7748
-7757
-7760
-7769
-7785
-7793
-7796
-7862
-7870
-7879
-7896
-7927
-7993
-7998
-8033
-8035
-8043
-8052
-8054
-8064
-8067
-8114
-8116
-8161
-8201
-8249
-8251
-8291
-8323
-8385
-8405
-8408
-8412
-8423
-8428
-8477
-8501
-8514
-8517
-8534
-8553
-8596
-8608
-8633
-8718
-8727
-8728
-8729
-8745
-8771
-8795
-8801
-8839
-8842
-8885
-8924
-8925
-8927
-8985
-8989
-9012
-9016
-9033
-9055
-9061
-9082
-9119
-9158
-9192
-9208
-9236
-9251
-9258
-9264
-9278
-9314
-9352
-9393
-9402
-9404
-9410
-9416
-9431
-9434
-9458
-9473
-9511
-9527
-9538
-9565
-9568
-9602
-9602
-9621
-9621
-9625
-9647
-9648
-9655
-9671
-9676
-9686
-9730
-9828
-9835
-9863
-9883
-9896
-9896
-9920
-9928
-9959
-9998
-9998
-10028
-10031
-10051
-10073
-10140
-10149
-10174
-10196
-10215
-10231
-10239
-10249
-10250
-10266
-10268
-10268
-10297
-10326
-10344
-10361
-10417
-10427
-10448
-10486
-10498
-10536
-10620
-10624
-10650
-10670
-10687
-10718
-10735
-10771
-10794
-10795
-10804
-10820
-10834
-10850
-10855
-10865
-10868
-10871
-10898
-10909
-10916
-10942
-11001
-11052
-11055
-11067
-11075
-11086
-11090
-11121
-11134
-11174
-11196
-11202
-11241
-11257
-11280
-11292
-11302
-11361
-11375
-11382
-11392
-11443
-11447
-11453
-11461
-11470
-11502
-11504
-11505
-11522
-11577
-11579
-11599
-11617
-11618
-11626
-11657
-11671
-11685
-11696
-11755
-11766
-11777
-11819
-11833
-11849
-11898
-11925
-12004
-12021
-12040
-12046
-12060
-12086
-12089
-12091
-12101
-12118
-12125
-12163
-12191
-12220
-12278
-12300
-12314
-12318
-12321
-12328
-12333
-12342
-12344
-12345
-12356
-12427
-12455
-12496
-12516
-12535
-12563
-12596
-12601
-12621
-12624
-12633
-12636
-12638
-12656
-12719
-12751
-12774
-12800
-12801
-12828
-12833
-12846
-12846
-12870
-12872
-12872
-12892
-12906
-12949
-12962
-12997
-13004
-13021
-13022
-13030
-13031
-13038
-13045
-13091
-13119
-13129
-13145
-13151
-13156
-13167
-13176
-13199
-13218
-13220
-13244
-13286
-13330
-13342
-13347
-13362
-13380
-13382
-13425
-13444
-13453
-13467
-13483
-13514
-13530
-13569
-13586
-13660
-13669
-13686
-13694
-13696
-13710
-13724
-13726
-13739
-13774
-13779
-13804
-13877
-13878
-13886
-13888
-13902
-13927
-13941
-13950
-13984
-13999
-14033
-14040
-14055
-14076
-14127
-14138
-14179
-14183
-14204
-14208
-14209
-14347
-14391
-14435
-14459
-14473
-14497
-14518
-14528
-14529
-14553
-14571
-14593
-14594
-14616
-14650
-14653
-14662
-14698
-14704
-14717
-14735
-14739
-14745
-14754
-14756
-14768
-14775
-14818
-14849
-14886
-14963
-14977
-14985
-15001
-15004
-15011
-15012
-15056
-15090
-15110
-15126
-15135
-15165
-15167
-15219
-15242
-15247
-15285
-15297
-15298
-15305
-15317
-15333
-15337
-15342
-15350
-15364
-15370
-15388
-15395
-15412
-15459
-15464
-15467
-15471
-15488
-15502
-15504
-15520
-15522
-15579
-15580
-15589
-15592
-15598
-15651
-15713
-15722
-15749
-15753
-15758
-15762
-15766
-15795
-15810
-15823
-15879
-15887
-15937
-15979
-16011
-16016
-16026
-16026
-16035
-16045
-16067
-16083
-16092
-16108
-16124
-16132
-16154
-16161
-16188
-16196
-16210
-16225
-16243
-16248
-16323
-16331
-16345
-16356
-16471
-16479
-16482
-16482
-16485
-16488
-16523
-16546
-16555
-16578
-16583
-16616
-16635
-16674
-16684
-16686
-16705
-16713
-16743
-16813
-16820
-16826
-16867
-16892
-16894
-16898
-16905
-16942
-17003
-17058
-17066
-17081
-17089
-17097
-17148
-17160
-17228
-17290
-17298
-17301
-17305
-17315
-17326
-17336
-17369
-17406
-17432
-17455
-17494
-17502
-17513
-17591
-17598
-17609
-17610
-17614
-17629
-17638
-17651
-17685
-17711
-17794
-17795
-17804
-17823
-17836
-17837
-17841
-17850
-17869
-17895
-17915
-17918
-17952
-17957
-17968
-17993
-18006
-18015
-18039
-18043
-18070
-18091
-18109
-18118
-18169
-18251
-18275
-18302
-18348
-18363
-18368
-18370
-18376
-18384
-18386
-18391
-18400
-18403
-18427
-18491
-18524
-18528
-18530
-18543
-18558
-18568
-18591
-18653
-18659
-18671
-18679
-18684
-18700
-18721
-18736
-18773
-18847
-18859
-18882
-18896
-18906
-18907
-18908
-18919
-19028
-19052
-19092
-19121
-19165
-19171
-19175
-19195
-19245
-19250
-19280
-19282
-19311
-19314
-19322
-19342
-19351
-19357
-19390
-19393
-19411
-19486
-19490
-19501
-19508
-19531
-19539
-19541
-19544
-19547
-19551
-19580
-19580
-19588
-19606
-19614
-19640
-19682
-19703
-19707
-19708
-19711
-19714
-19716
-19736
-19783
-19788
-19796
-19814
-19816
-19817
-19823
-19837
-19839
-19910
-19923
-19929
-19967
-19971
-19980


