-9974
4137
-13343
-2230
5011
19651
-14062
6380
-4474
-5424
-17923
-1919
-533
15912
1417
12949
-9460
10208
19396
6028
-17241
-12534
-13614
15800
-13333
7500
13329
-1688
-12803
-805
5813
-4501
19815
6317
-11262
2025
-8602
15932
10365
-10626
-13373
-17067
-6715
-6847
-16107
6493
12191
16054
-560
2478
8090
-1016
12818
7424
13635
-17706
-2200
-14174
-7480
-13425
5031
-10653
-11879
-4096
-9306
-5359
-10824
17310
-13106
-16102
17924
-9309
4447
8727
-7418
14691
-2642
2029
-13746
-17955
10145
16786
-12348
2984
215
18880
-7922
-16997
-8378
-11515
-19879
3443
-15399
-13173
-16494
4168
-11270
19094
-7816
-8013
-18482
11360
12438
-8305
1168
1312
14708
-12060
226
-1497
8547
-15577
18066
5154
19175
-7362
-9019
-10712
11963
19241
16924
-11919
-921
6945
7980
16923
12246
-15059
16847
10549
-7818
-5766
-14190
-179
-12560
10233
-12458
-11924
9609
2884
-3325
10564
30
-13360
4572
18488
-2445
17280
2093
3683
5728
-10955
-18498
-14512
7771
-16187
-13656
-6278
-14016
8132
7485
-12227
18501
15394
14215
11334
-13728
-13635
-15222
-7716
-19772
2520
-8506
-7514
11875
-14870
8932
3879
4484
-18872
-11260
-14494
-9603
-2772
2405
3736
-15207
-9193
-15172
-16724
17984
-7707
7580
4553
18491
-19724
17283
-17933
-1434
-6332
-9779
3240
-14331
18054
-3373
-359
-7212
-15828
-12404
15906
18437
2937
-8604
18133
7452
-1941
15033
19347
-7832
-11122
-19428
12430
-12506
18657
-12146
-98
-9991
-13881
-12393
17703
-7259
-6841
14801
-9758
7757
-5666
17143
-15069
-7685
12243
17226
-16015
2803
17305
9361
11703
6959
-5690
-13865
-15586
577
-12781
-7173
4247
16868
-6606
-4502
4257
5114
17895
-3933
11538
-5142
-18160
9972
7452
-3051
-5734
19262
-1703
-12230
-6333
-2391
15701
1442
-17647
4986
-13338
2789
-3546
-9572
14793
-9826
-8034
18303
1761
-441
4559
12497
-12299
10486
-16749
-18965
15768
6190
-9676
10243
-7997
12082
8593
-6808
13007
4024
-3090
-12836
-18920
3103
-816
10915
-1470
-12846
-5490
-3208
18217
-11220
-15500
-10865
-19115
-5893
-3175
-13149
-14391
16750
5939
18488
7434
16771
4984
-4775
3778
-6267
-8921
-668
-18060
8033
9254
-13745
14010
-1592
19500
10281
-12358
10741
-11055
-4232
-16888
10823
-12977
18865
-713
13498
8659
16239
12083
-16752
8988
-9537
-507
12264
1601
18616
-12087
-16238
-10213
-4269
100
-2510
10507
-7393
-1960
-6872
5189
2950
11582
14806
-1852
-13393
-13289
-12995
8255
4253
3510
14924
4332
3002
-10580
8007
-15337
-13047
10684
-17936
19625
-2788
5377
5673
-95
-17228
-13352
8563
-19407
-8419
538
-8122
-394
5180
6316
4409
19868
-5140
9509
5127
10353
18864
7908
-903
-298
-18564
6851
-16051
-15685
15953
10879
8025
12304
16958
-13167
17743
15303
12138
3110
11350
-16745
9693
4167
-17838
257
-514
-1578
-4350
4902
-18217
-15346
-11800
-6171
-8704
13994
5421
1471
-17021
9402
-11965
-19327
13640
17773
18069
11853
-18893
-18806
11504
-820
-16823
4873
8294
-7298
7667
3259
9671
-15438
3430
-19818
943
18374
-4660
8664
3745
8890
4467
-16099
16720
-7999
18589
1806
18903
-6247
-7330
9504
4956
-19358
15870
-3497
5963
-3302
16575
4270
-13248
12028
3826
-19935
7580
-10624

750
